|                ra|                  dec|
|            double|               double|
|                  |                     |
|              null|                 null|
            40.6696             -0.013286 
         195.353611              29.31092 
         198.776395            -55.156326 
          201.43345             -29.83344 
         253.245295              2.400926 
         253.245295              2.400926 
          307.14614             25.733362 
         327.081366            -34.951248 
         351.986263              8.778966 
          260.84146              -0.28354 
          136.05292             -36.45042 
           198.7764             -55.15633 
          220.24589             -37.07552 
           80.25582             -25.36256 
          164.82556              24.54293 
          299.14746               11.3175 
          348.94484             -59.05436 
          253.24529               2.40093 
          259.14924              -10.3445 
          270.13285               -4.0147 
          201.84954             -57.48962 
          323.11593              10.13868 
          151.00869              -6.47488 
          279.60713              -57.4903 
          201.43345             -29.83344 
          207.73719             -49.05527 
          334.03804             -36.84373 
           63.09413               5.54721 
          109.15694             -62.34346 
          316.04636             -43.59302 
          178.29881             -39.13026 
          221.28772             -20.87036 
 260.84166666666664   -0.2836111111111111 
  219.4083333333333   -15.006666666666666 
 183.44166666666666    2.8115277777777776 
 198.77499999999998   -55.156388888888884 
 136.05416666666665    -36.45027777777778 
 233.73749999999995    23.502916666666668 
  220.2458333333333    -37.07555555555556 
 342.95416666666665   -17.873333333333335 
  68.49999999999999    -8.579166666666666 
 345.81666666666666     8.873694444444444 
 156.96249999999998    -43.90472222222222 
             259.15    -10.34388888888889 
  270.1333333333333                -4.015 
  327.0833333333333    -34.95138888888889 
 201.84999999999997   -57.489444444444445 
 151.00833333333333    -6.474722222222223 
  279.6083333333333    -57.49055555555556 
 228.30416666666665     7.225555555555555 
  201.4333333333333    -29.83361111111111 
 207.73749999999998    -49.05555555555555 
 334.03749999999997    -36.84388888888889 
  63.09583333333333     5.546972222222222 
  316.0458333333333              -43.5925 
 186.72916666666666   -0.8775000000000001 
 109.15833333333332    -62.34388888888889 
 221.28749999999997   -20.870555555555555 
 178.29999999999998    -39.13027777777778 
 40.670833333333334 -0.013333333333333334 
  76.92499999999998    -37.51305555555555 
 184.70833333333331    14.416500000000001 
 185.47916666666663     4.473583333333333 
 25.758333333333333    13.645694444444445 
 188.53749999999997    2.6538055555555555 
 170.06249999999997    12.991277777777777 
 23.574999999999996    -29.41861111111111 
 191.28749999999997  -0.46194444444444444 
  76.30833333333331    -37.98083333333334 
  187.9958333333333    14.420416666666666 
 188.61249999999998    2.1878888888888888 
  218.1708333333333    -44.17472222222222 
 170.07083333333333    13.589500000000001 
  64.39999999999999    -62.78361111111111 
  204.3833333333333     8.885055555555555 
  175.2458333333333     11.47113888888889 
 190.98749999999998     13.12636111111111 
            40.4375    0.4439166666666667 
              6.387               68.3623 
            16.3617              -42.2162 
            17.2203               13.3372 
             17.865               -38.083 
            20.6435                50.055 
            22.4636              -42.3265 
            32.3805              -10.1585 
            40.6696               -0.0133 
            42.6775               54.7049 
            42.6688               41.6715 
             42.918               -16.651 
            45.9546               -1.1037 
            47.0449              -22.9608 
             59.083               -62.861 
            91.4235              -86.6319 
            93.9015               71.0375 
            95.9434              -32.2166 
           104.0498              -49.3306 
           108.5161               35.2793 
           115.6739               65.1771 
           130.9375               35.8283 
            135.664               -68.227 
            139.805               55.4653 
           140.9739              -31.6919 
           143.9652               61.3531 
           149.8731              -22.8263 
           150.4908               55.6798 
           157.8463              -42.0606 
           158.3159               52.8716 
           162.0977              -25.1621 
           168.5103               20.3873 
           179.7191               42.5703 
           181.5963               52.7109 
            183.262                 7.038 
           183.2888               32.5964 
           196.0547               -5.5516 
           196.3645              -49.4682 
           213.2913               -65.339 
           214.2652              -46.6948 
           218.1699              -44.1746 
           220.5997              -17.2532 
           221.4035               27.0348 
            248.807                -58.08 
           250.8343               70.6325 
           253.2454                2.4009 
           270.0304                2.4009 
            303.747               25.3836 
           307.1461               66.6154 
           310.0656              -51.4297 
           327.0813              -34.9512 
           331.7582               10.2334 
           346.2361               12.3229 
           350.6019               -6.7605 
 2.7770833333333327   -12.107222222222221 
  4.709999999999999    -10.36888888888889 
  10.69083333333333    -23.56138888888889 
 16.946666666666665   -17.506944444444443 
  17.53708333333333   -16.852777777777778 
 20.011249999999997    14.361944444444443 
  24.72041666666666   -10.453055555555554 
  26.12708333333333     17.10138888888889 
 27.809166666666666               22.5825 
 37.678333333333335    -2.938888888888889 
  41.57291666666666    13.095555555555556 
  43.50749999999999    14.973611111111111 
  54.69458333333333     15.54861111111111 
  63.09333333333333                5.5475 
  65.33333333333331   -18.813333333333333 
  68.49916666666665    -8.578888888888889 
  80.25624999999998              -25.3625 
 129.60041666666666    25.754722222222224 
  135.1058333333333                39.065 
  138.9795833333333    44.331944444444446 
 143.96499999999997     61.35305555555556 
 144.15499999999997    48.474444444444444 
  146.5858333333333     3.058333333333333 
 151.00874999999996    -6.474722222222223 
  155.0008333333333     8.226111111111111 
 164.82541666666665    24.543055555555558 
 165.97166666666664     40.84916666666667 
 170.30083333333332    -2.984166666666667 
 171.43749999999997    14.676666666666666 
 172.12666666666667     58.56944444444445 
 183.44166666666666    2.8105555555555553 
 186.26624999999999    -6.681388888888889 
 194.05916666666664     56.87361111111111 
          195.35375    29.311111111111114 
 195.71791666666664   -23.921666666666667 
  198.7645833333333     24.61888888888889 
 198.88666666666663     62.12694444444445 
  200.1470833333333     34.13944444444444 
 200.34624999999997   0.34249999999999997 
 200.60166666666666    -16.72861111111111 
  201.4333333333333    -29.83361111111111 
 204.57291666666663    48.276944444444446 
 204.97999999999996    0.8369444444444445 
 206.17541666666662    55.886944444444445 
 214.92999999999998    49.236666666666665 
 219.40958333333333   -15.006388888888889 
 224.25166666666664    24.612222222222222 
  228.3045833333333     7.225555555555555 
 229.52624999999998    42.743611111111115 
 231.74749999999997    35.977222222222224 
 233.73791666666662    23.503055555555555 
  242.9195833333333     52.45666666666667 
 247.73541666666665     4.082777777777777 
  254.6158333333333    58.946666666666665 
  258.5833333333333                53.175 
 337.85624999999993   -19.034444444444446 
            342.955   -17.873055555555556 
 345.82041666666663      8.88361111111111 
 346.23541666666665    19.552222222222223 
 349.00291666666664     25.55666666666667 
           349.5925     4.416944444444445 
  351.9908333333333     8.780833333333334 
 357.85374999999993    20.111944444444447 
  357.8616666666667     20.58611111111111 
